2016-03-21-10-32-16AM,1458527536000,1458527532111,2016-03-21-10-32-12AM,network,1.3166372,103.8881194,69.828,-1.0,-1.0,-1.0
2016-03-21-10-32-34AM,1458527554499,1458527552025,2016-03-21-10-32-32AM,network,1.3166028,103.8880975,71.58,-1.0,-1.0,-1.0
2016-03-21-10-32-54AM,1458527574493,1458527571890,2016-03-21-10-32-51AM,network,1.3167128,103.8881338,64.71,-1.0,-1.0,-1.0
2016-03-21-10-33-14AM,1458527594525,1458527591926,2016-03-21-10-33-11AM,network,1.3167417,103.8881303,62.356,-1.0,-1.0,-1.0
2016-03-21-10-33-34AM,1458527614588,1458527612024,2016-03-21-10-33-32AM,network,1.3166311,103.8881496,71.792,-1.0,-1.0,-1.0
2016-03-21-10-34-16AM,1458527656290,1458527655123,2016-03-21-10-34-15AM,network,1.3167536,103.8880446,57.021,-1.0,-1.0,-1.0
2016-03-21-10-34-35AM,1458527675240,1458527675190,2016-03-21-10-34-35AM,network,1.3166684,103.88813,67.907,-1.0,-1.0,-1.0
2016-03-21-10-34-55AM,1458527695266,1458527695207,2016-03-21-10-34-55AM,network,1.3166464,103.8881683,71.578,-1.0,-1.0,-1.0
2016-03-21-10-35-15AM,1458527715399,1458527715336,2016-03-21-10-35-15AM,network,1.3166467,103.8881563,70.928,-1.0,-1.0,-1.0
2016-03-21-10-35-38AM,1458527738671,1458527735775,2016-03-21-10-35-35AM,network,1.3167466,103.8879692,54.36,-1.0,-1.0,-1.0
2016-03-21-10-35-56AM,1458527756309,1458527756234,2016-03-21-10-35-56AM,network,1.316832,103.8880112,62.0,-1.0,-1.0,-1.0
2016-03-21-10-36-16AM,1458527776315,1458527776231,2016-03-21-10-36-16AM,network,1.3168273,103.8880111,49.58,-1.0,-1.0,-1.0
2016-03-21-10-36-36AM,1458527796391,1458527796339,2016-03-21-10-36-36AM,network,1.3168227,103.8879971,49.275,-1.0,-1.0,-1.0
2016-03-21-10-36-56AM,1458527816485,1458527816447,2016-03-21-10-36-56AM,network,1.3168252,103.8880123,49.803,-1.0,-1.0,-1.0
2016-03-21-10-37-16AM,1458527836508,1458527836480,2016-03-21-10-37-16AM,network,1.3168265,103.8880095,49.565,-1.0,-1.0,-1.0
2016-03-21-10-37-36AM,1458527856554,1458527856506,2016-03-21-10-37-36AM,network,1.3168265,103.8880095,49.565,-1.0,-1.0,-1.0
2016-03-21-10-37-56AM,1458527876575,1458527876549,2016-03-21-10-37-56AM,network,1.3168254,103.8880094,49.646,-1.0,-1.0,-1.0
2016-03-21-10-38-16AM,1458527896615,1458527896586,2016-03-21-10-38-16AM,network,1.3168254,103.8880094,49.646,-1.0,-1.0,-1.0
2016-03-21-10-38-36AM,1458527916707,1458527916671,2016-03-21-10-38-36AM,network,1.3168411,103.8880164,48.766,-1.0,-1.0,-1.0
2016-03-21-10-38-56AM,1458527936700,1458527936635,2016-03-21-10-38-56AM,network,1.3168154,103.8879997,49.98,-1.0,-1.0,-1.0
2016-03-21-10-39-16AM,1458527956698,1458527956651,2016-03-21-10-39-16AM,network,1.3168307,103.8880091,49.215,-1.0,-1.0,-1.0
2016-03-21-10-39-36AM,1458527976595,1458527976546,2016-03-21-10-39-36AM,network,1.3168307,103.8880091,49.215,-1.0,-1.0,-1.0
2016-03-21-10-39-56AM,1458527996703,1458527996669,2016-03-21-10-39-56AM,network,1.3168252,103.8880123,49.803,-1.0,-1.0,-1.0
2016-03-21-10-40-16AM,1458528016723,1458528016648,2016-03-21-10-40-16AM,network,1.3168252,103.8880123,49.803,-1.0,-1.0,-1.0
2016-03-21-10-40-36AM,1458528036718,1458528036676,2016-03-21-10-40-36AM,network,1.3168275,103.8880051,49.273,-1.0,-1.0,-1.0
2016-03-21-10-40-56AM,1458528056622,1458528056591,2016-03-21-10-40-56AM,network,1.3168275,103.8880051,49.273,-1.0,-1.0,-1.0
2016-03-21-10-41-16AM,1458528076754,1458528076729,2016-03-21-10-41-16AM,network,1.3168275,103.8880051,49.273,-1.0,-1.0,-1.0
2016-03-21-10-41-36AM,1458528096844,1458528096625,2016-03-21-10-41-36AM,network,1.3168611,103.8880416,48.583,-1.0,-1.0,-1.0
2016-03-21-10-41-56AM,1458528116742,1458528116712,2016-03-21-10-41-56AM,network,1.3168312,103.8880104,49.239,-1.0,-1.0,-1.0
2016-03-21-10-42-18AM,1458528138446,1458528138383,2016-03-21-10-42-18AM,network,1.3168275,103.8880144,49.726,-1.0,-1.0,-1.0
2016-03-21-10-42-38AM,1458528158489,1458528158436,2016-03-21-10-42-38AM,network,1.3168275,103.8880144,49.726,-1.0,-1.0,-1.0
2016-03-21-10-42-58AM,1458528178567,1458528178525,2016-03-21-10-42-58AM,network,1.3168328,103.888022,49.693,-1.0,-1.0,-1.0
2016-03-21-10-43-18AM,1458528198469,1458528198425,2016-03-21-10-43-18AM,network,1.3168248,103.8880161,50.021,-1.0,-1.0,-1.0
2016-03-21-10-43-58AM,1458528238456,1458528238408,2016-03-21-10-43-58AM,network,1.3168201,103.8880158,50.376,-1.0,-1.0,-1.0
2016-03-21-10-44-18AM,1458528258616,1458528258569,2016-03-21-10-44-18AM,network,1.316808,103.8880071,50.917,-1.0,-1.0,-1.0
2016-03-21-10-44-38AM,1458528278585,1458528278548,2016-03-21-10-44-38AM,network,1.3168264,103.8880138,49.783,-1.0,-1.0,-1.0
2016-03-21-10-44-58AM,1458528298596,1458528298561,2016-03-21-10-44-58AM,network,1.3168303,103.8880083,49.207,-1.0,-1.0,-1.0
2016-03-21-10-45-18AM,1458528318679,1458528318628,2016-03-21-10-45-18AM,network,1.3168191,103.8880016,49.773,-1.0,-1.0,-1.0
2016-03-21-10-45-38AM,1458528338755,1458528338528,2016-03-21-10-45-38AM,network,1.3168303,103.8880083,49.207,-1.0,-1.0,-1.0
2016-03-21-10-45-58AM,1458528358595,1458528358570,2016-03-21-10-45-58AM,network,1.3168503,103.8880229,48.392,-1.0,-1.0,-1.0
2016-03-21-10-46-18AM,1458528378631,1458528378597,2016-03-21-10-46-18AM,network,1.3168482,103.8880186,48.33,-1.0,-1.0,-1.0
2016-03-21-10-46-38AM,1458528398639,1458528398599,2016-03-21-10-46-38AM,network,1.3168463,103.8880167,48.379,-1.0,-1.0,-1.0
2016-03-21-10-46-58AM,1458528418697,1458528418669,2016-03-21-10-46-58AM,network,1.3168482,103.8880186,48.33,-1.0,-1.0,-1.0
2016-03-21-10-47-18AM,1458528438697,1458528438656,2016-03-21-10-47-18AM,network,1.3168482,103.8880186,48.33,-1.0,-1.0,-1.0
2016-03-21-10-47-38AM,1458528458653,1458528458629,2016-03-21-10-47-38AM,network,1.3168482,103.8880186,48.33,-1.0,-1.0,-1.0
2016-03-21-10-47-58AM,1458528478708,1458528478650,2016-03-21-10-47-58AM,network,1.3168421,103.8880266,49.212,-1.0,-1.0,-1.0
2016-03-21-10-48-18AM,1458528498790,1458528498745,2016-03-21-10-48-18AM,network,1.3168586,103.8880354,48.429,-1.0,-1.0,-1.0
2016-03-21-10-48-38AM,1458528518737,1458528518707,2016-03-21-10-48-38AM,network,1.3168159,103.8880082,50.34,-1.0,-1.0,-1.0
2016-03-21-10-48-58AM,1458528538800,1458528538766,2016-03-21-10-48-58AM,network,1.3168217,103.8880128,50.103,-1.0,-1.0,-1.0
2016-03-21-10-49-18AM,1458528558696,1458528558656,2016-03-21-10-49-18AM,network,1.3168107,103.8880056,50.631,-1.0,-1.0,-1.0
2016-03-21-10-49-38AM,1458528578783,1458528578728,2016-03-21-10-49-38AM,network,1.3168137,103.8879999,50.125,-1.0,-1.0,-1.0
2016-03-21-10-49-58AM,1458528598730,1458528598683,2016-03-21-10-49-58AM,network,1.3168432,103.8880328,49.453,-1.0,-1.0,-1.0
2016-03-21-10-50-18AM,1458528618738,1458528618694,2016-03-21-10-50-18AM,network,1.3168167,103.8880142,50.565,-1.0,-1.0,-1.0
2016-03-21-10-50-38AM,1458528638667,1458528638627,2016-03-21-10-50-38AM,network,1.3168505,103.8880389,49.227,-1.0,-1.0,-1.0
2016-03-21-10-50-58AM,1458528658725,1458528658693,2016-03-21-10-50-58AM,network,1.3168172,103.88799,49.389,-1.0,-1.0,-1.0
2016-03-21-10-51-18AM,1458528678779,1458528678732,2016-03-21-10-51-18AM,network,1.3168143,103.8880152,50.803,-1.0,-1.0,-1.0
2016-03-21-10-51-38AM,1458528698805,1458528698747,2016-03-21-10-51-38AM,network,1.3168191,103.8880016,49.773,-1.0,-1.0,-1.0
2016-03-21-10-51-58AM,1458528718849,1458528718821,2016-03-21-10-51-58AM,network,1.3168593,103.88804,48.629,-1.0,-1.0,-1.0
2016-03-21-10-52-18AM,1458528738867,1458528738832,2016-03-21-10-52-18AM,network,1.3168494,103.8880255,48.597,-1.0,-1.0,-1.0
2016-03-21-10-52-38AM,1458528758648,1458528758607,2016-03-21-10-52-38AM,network,1.3168466,103.8880257,48.821,-1.0,-1.0,-1.0
2016-03-21-10-52-58AM,1458528778757,1458528778727,2016-03-21-10-52-58AM,network,1.3168463,103.8880167,48.379,-1.0,-1.0,-1.0
2016-03-21-10-53-18AM,1458528798873,1458528798814,2016-03-21-10-53-18AM,network,1.3168481,103.8880188,48.348,-1.0,-1.0,-1.0
2016-03-21-10-53-38AM,1458528818902,1458528818865,2016-03-21-10-53-38AM,network,1.3168433,103.8880349,49.557,-1.0,-1.0,-1.0
2016-03-21-10-53-58AM,1458528838813,1458528838784,2016-03-21-10-53-58AM,network,1.3168451,103.8880146,48.365,-1.0,-1.0,-1.0
2016-03-21-10-54-18AM,1458528858880,1458528858831,2016-03-21-10-54-18AM,network,1.3168482,103.8880186,48.33,-1.0,-1.0,-1.0
2016-03-21-10-54-38AM,1458528878834,1458528878780,2016-03-21-10-54-38AM,network,1.3168482,103.8880186,48.33,-1.0,-1.0,-1.0
2016-03-21-10-54-58AM,1458528898792,1458528898764,2016-03-21-10-54-58AM,network,1.3168586,103.8880354,48.429,-1.0,-1.0,-1.0
2016-03-21-10-55-18AM,1458528918816,1458528918770,2016-03-21-10-55-18AM,network,1.3168481,103.8880188,48.348,-1.0,-1.0,-1.0
2016-03-21-10-55-38AM,1458528938916,1458528938872,2016-03-21-10-55-38AM,network,1.3168417,103.8880124,48.518,-1.0,-1.0,-1.0
2016-03-21-10-55-58AM,1458528958933,1458528958899,2016-03-21-10-55-58AM,network,1.3168417,103.8880124,48.518,-1.0,-1.0,-1.0
2016-03-21-10-56-18AM,1458528978954,1458528978886,2016-03-21-10-56-18AM,network,1.3168425,103.8880152,48.597,-1.0,-1.0,-1.0
2016-03-21-10-56-38AM,1458528998948,1458528998919,2016-03-21-10-56-38AM,network,1.3168435,103.8880177,48.646,-1.0,-1.0,-1.0
2016-03-21-10-56-58AM,1458529018985,1458529018956,2016-03-21-10-56-58AM,network,1.316885,103.888057,47.723,-1.0,-1.0,-1.0
2016-03-21-10-57-18AM,1458529038934,1458529038891,2016-03-21-10-57-18AM,network,1.316853,103.8880306,48.593,-1.0,-1.0,-1.0
2016-03-21-10-57-38AM,1458529058954,1458529058920,2016-03-21-10-57-38AM,network,1.3168494,103.8880261,48.628,-1.0,-1.0,-1.0
2016-03-21-10-58-01AM,1458529081101,1458529081064,2016-03-21-10-58-01AM,network,1.316848,103.888025,48.677,-1.0,-1.0,-1.0
2016-03-21-10-58-20AM,1458529100939,1458529100906,2016-03-21-10-58-20AM,network,1.3168482,103.8880186,48.33,-1.0,-1.0,-1.0
2016-03-21-10-58-41AM,1458529121043,1458529120992,2016-03-21-10-58-40AM,network,1.3168258,103.8880019,49.254,-1.0,-1.0,-1.0
2016-03-21-10-59-01AM,1458529141013,1458529140980,2016-03-21-10-59-00AM,network,1.3168451,103.8880146,48.365,-1.0,-1.0,-1.0
2016-03-21-10-59-21AM,1458529161062,1458529161020,2016-03-21-10-59-21AM,network,1.3168482,103.8880186,48.33,-1.0,-1.0,-1.0
2016-03-21-10-59-41AM,1458529181044,1458529181006,2016-03-21-10-59-41AM,network,1.3168503,103.8880229,48.392,-1.0,-1.0,-1.0
2016-03-21-11-00-01AM,1458529201723,1458529201692,2016-03-21-11-00-01AM,network,1.3168497,103.8880264,48.621,-1.0,-1.0,-1.0
2016-03-21-11-00-21AM,1458529221799,1458529221763,2016-03-21-11-00-21AM,network,1.3168457,103.8880209,48.641,-1.0,-1.0,-1.0
2016-03-21-11-00-41AM,1458529241717,1458529241673,2016-03-21-11-00-41AM,network,1.31684,103.8880136,48.71,-1.0,-1.0,-1.0
2016-03-21-11-01-01AM,1458529261917,1458529261701,2016-03-21-11-01-01AM,network,1.31684,103.8880136,48.71,-1.0,-1.0,-1.0
2016-03-21-11-01-21AM,1458529281682,1458529281655,2016-03-21-11-01-21AM,network,1.316838,103.8880101,48.691,-1.0,-1.0,-1.0
2016-03-21-11-01-40AM,1458529300203,1458529292503,2016-03-21-11-01-32AM,network,1.3168482,103.8880319,49.026,-1.0,-1.0,-1.0
2016-03-21-11-02-01AM,1458529321883,1458529321794,2016-03-21-11-02-01AM,network,1.3167196,103.8879165,54.912,-1.0,-1.0,-1.0
2016-03-21-11-02-23AM,1458529343671,1458529343557,2016-03-21-11-02-23AM,network,1.3166629,103.8879085,59.702,-1.0,-1.0,-1.0
2016-03-21-11-02-43AM,1458529363600,1458529363571,2016-03-21-11-02-43AM,network,1.3166503,103.8879128,44.065,-1.0,-1.0,-1.0
2016-03-21-11-03-02AM,1458529382943,1458529382914,2016-03-21-11-03-02AM,network,1.3166951,103.8879452,46.0,-1.0,-1.0,-1.0
2016-03-21-11-03-23AM,1458529403625,1458529403532,2016-03-21-11-03-23AM,network,1.3167299,103.8879287,54.383,-1.0,-1.0,-1.0
2016-03-21-11-03-43AM,1458529423623,1458529423580,2016-03-21-11-03-43AM,network,1.3166881,103.887894,57.09,-1.0,-1.0,-1.0
2016-03-21-11-04-03AM,1458529443661,1458529443447,2016-03-21-11-04-03AM,network,1.316675,103.8878949,58.281,-1.0,-1.0,-1.0
2016-03-21-11-04-23AM,1458529463750,1458529463699,2016-03-21-11-04-23AM,network,1.3166676,103.8878806,58.61,-1.0,-1.0,-1.0
2016-03-21-11-04-42AM,1458529482987,1458529482953,2016-03-21-11-04-42AM,network,1.3167327,103.8878096,51.413,-1.0,-1.0,-1.0
2016-03-21-11-05-02AM,1458529502862,1458529502821,2016-03-21-11-05-02AM,network,1.3167974,103.8877868,52.0,-1.0,-1.0,-1.0
2016-03-21-11-05-22AM,1458529522751,1458529522707,2016-03-21-11-05-22AM,network,1.3167958,103.8877605,56.0,-1.0,-1.0,-1.0
2016-03-21-11-05-42AM,1458529542919,1458529542875,2016-03-21-11-05-42AM,network,1.3171356,103.8878281,57.095,-1.0,-1.0,-1.0
2016-03-21-11-06-02AM,1458529562932,1458529562881,2016-03-21-11-06-02AM,network,1.3172006,103.8877978,42.653,-1.0,-1.0,-1.0
2016-03-21-11-06-23AM,1458529583912,1458529582899,2016-03-21-11-06-22AM,network,1.3169139,103.887856,108.502,-1.0,-1.0,-1.0
2016-03-21-11-06-42AM,1458529602898,1458529602835,2016-03-21-11-06-42AM,network,1.3169143,103.8878536,108.282,-1.0,-1.0,-1.0
2016-03-21-11-07-02AM,1458529622915,1458529622881,2016-03-21-11-07-02AM,network,1.3169826,103.8879527,114.75,-1.0,-1.0,-1.0
2016-03-21-11-07-22AM,1458529642852,1458529642803,2016-03-21-11-07-22AM,network,1.317348,103.8879861,47.772,-1.0,-1.0,-1.0
2016-03-21-11-07-42AM,1458529662874,1458529662826,2016-03-21-11-07-42AM,network,1.317318,103.8879828,36.0,-1.0,-1.0,-1.0
2016-03-21-11-08-04AM,1458529684103,1458529682911,2016-03-21-11-08-02AM,network,1.3180069,103.8889406,99.876,-1.0,-1.0,-1.0
2016-03-21-11-08-22AM,1458529702980,1458529702940,2016-03-21-11-08-22AM,network,1.3181458,103.8890757,117.313,-1.0,-1.0,-1.0
2016-03-21-11-08-43AM,1458529723119,1458529723049,2016-03-21-11-08-43AM,network,1.3182056,103.8890877,93.135,-1.0,-1.0,-1.0
2016-03-21-11-09-04AM,1458529744742,1458529743141,2016-03-21-11-09-03AM,network,1.3179235,103.8899896,106.104,-1.0,-1.0,-1.0
2016-03-21-11-09-23AM,1458529763233,1458529763054,2016-03-21-11-09-23AM,network,1.3179089,103.8900379,110.77,-1.0,-1.0,-1.0
2016-03-21-11-09-43AM,1458529783321,1458529783251,2016-03-21-11-09-43AM,network,1.317847,103.890031,112.234,-1.0,-1.0,-1.0
2016-03-21-11-10-03AM,1458529803395,1458529803356,2016-03-21-11-10-03AM,network,1.3177489,103.8900953,64.905,-1.0,-1.0,-1.0
2016-03-21-11-10-23AM,1458529823266,1458529823218,2016-03-21-11-10-23AM,network,1.3180311,103.8904018,76.5,-1.0,-1.0,-1.0
2016-03-21-11-10-43AM,1458529843146,1458529843098,2016-03-21-11-10-43AM,network,1.3180055,103.8906319,51.0,-1.0,-1.0,-1.0
2016-03-21-11-11-05AM,1458529865449,1458529863037,2016-03-21-11-11-03AM,network,1.3180398,103.8914231,38.588,-1.0,-1.0,-1.0
2016-03-21-11-11-24AM,1458529884020,1458529883104,2016-03-21-11-11-23AM,network,1.3182433,103.8918031,31.5,-1.0,-1.0,-1.0
2016-03-21-11-11-44AM,1458529904382,1458529903106,2016-03-21-11-11-43AM,network,1.3183964,103.8919461,40.5,-1.0,-1.0,-1.0
2016-03-21-11-12-03AM,1458529923321,1458529923267,2016-03-21-11-12-03AM,network,1.3184246,103.8919933,25.32,-1.0,-1.0,-1.0
2016-03-21-11-12-23AM,1458529943426,1458529943385,2016-03-21-11-12-23AM,network,1.3183624,103.8920017,22.762,-1.0,-1.0,-1.0
2016-03-21-11-12-45AM,1458529965666,1458529963612,2016-03-21-11-12-43AM,network,1.3186357,103.8923681,64.888,-1.0,-1.0,-1.0
2016-03-21-11-13-03AM,1458529983431,1458529983385,2016-03-21-11-13-03AM,network,1.3186408,103.892402,64.686,-1.0,-1.0,-1.0
2016-03-21-11-13-23AM,1458530003440,1458530003376,2016-03-21-11-13-23AM,network,1.318662,103.892479,55.648,-1.0,-1.0,-1.0
2016-03-21-11-13-43AM,1458530023412,1458530023357,2016-03-21-11-13-43AM,network,1.3187025,103.8926116,47.548,-1.0,-1.0,-1.0
2016-03-21-11-14-03AM,1458530043484,1458530043446,2016-03-21-11-14-03AM,network,1.3186915,103.8925168,42.156,-1.0,-1.0,-1.0
2016-03-21-11-14-23AM,1458530063470,1458530063438,2016-03-21-11-14-23AM,network,1.318652,103.892494,43.552,-1.0,-1.0,-1.0
2016-03-21-11-14-43AM,1458530083544,1458530083484,2016-03-21-11-14-43AM,network,1.3186166,103.8924335,48.805,-1.0,-1.0,-1.0
2016-03-21-11-15-03AM,1458530103546,1458530103361,2016-03-21-11-15-03AM,network,1.318609,103.8924896,43.582,-1.0,-1.0,-1.0
2016-03-21-11-15-23AM,1458530123544,1458530123487,2016-03-21-11-15-23AM,network,1.3186538,103.892468,38.498,-1.0,-1.0,-1.0
2016-03-21-11-15-43AM,1458530143707,1458530143674,2016-03-21-11-15-43AM,network,1.3186775,103.8925901,40.765,-1.0,-1.0,-1.0
2016-03-21-11-16-03AM,1458530163770,1458530163719,2016-03-21-11-16-03AM,network,1.3186307,103.8923399,59.171,-1.0,-1.0,-1.0
2016-03-21-11-16-23AM,1458530183620,1458530183580,2016-03-21-11-16-23AM,network,1.3186125,103.8923041,60.753,-1.0,-1.0,-1.0
2016-03-21-11-16-43AM,1458530203530,1458530203490,2016-03-21-11-16-43AM,network,1.3186165,103.8923269,60.729,-1.0,-1.0,-1.0
2016-03-21-11-17-03AM,1458530223519,1458530223464,2016-03-21-11-17-03AM,network,1.3185417,103.8920831,75.478,-1.0,-1.0,-1.0
2016-03-21-11-17-23AM,1458530243470,1458530243422,2016-03-21-11-17-23AM,network,1.3184014,103.8919447,39.242,-1.0,-1.0,-1.0
2016-03-21-11-17-43AM,1458530263646,1458530263604,2016-03-21-11-17-43AM,network,1.3183045,103.8919319,40.5,-1.0,-1.0,-1.0
2016-03-21-11-18-04AM,1458530284950,1458530281967,2016-03-21-11-18-01AM,network,1.3180002,103.892336,56.119,-1.0,-1.0,-1.0
2016-03-21-11-18-22AM,1458530302986,1458530302076,2016-03-21-11-18-22AM,network,1.3179719,103.8923216,49.755,-1.0,-1.0,-1.0
2016-03-21-11-18-43AM,1458530323666,1458530323600,2016-03-21-11-18-43AM,network,1.3179688,103.8923537,20.0,-1.0,-1.0,-1.0
2016-03-21-11-19-03AM,1458530343726,1458530343679,2016-03-21-11-19-03AM,network,1.3179504,103.8923628,20.0,-1.0,-1.0,-1.0
2016-03-21-11-19-23AM,1458530363830,1458530363767,2016-03-21-11-19-23AM,network,1.3179533,103.892369,20.0,-1.0,-1.0,-1.0
2016-03-21-11-19-43AM,1458530383760,1458530383585,2016-03-21-11-19-43AM,network,1.3179592,103.8923611,20.0,-1.0,-1.0,-1.0
2016-03-21-11-20-03AM,1458530403792,1458530403744,2016-03-21-11-20-03AM,network,1.3179717,103.8923583,20.0,-1.0,-1.0,-1.0
2016-03-21-11-20-23AM,1458530423722,1458530423675,2016-03-21-11-20-23AM,network,1.3179627,103.8923579,20.0,-1.0,-1.0,-1.0
2016-03-21-11-20-43AM,1458530443778,1458530443734,2016-03-21-11-20-43AM,network,1.3179587,103.8923858,20.0,-1.0,-1.0,-1.0
2016-03-21-11-21-03AM,1458530463751,1458530463701,2016-03-21-11-21-03AM,network,1.3179529,103.892359,20.0,-1.0,-1.0,-1.0
2016-03-21-11-21-23AM,1458530483672,1458530483613,2016-03-21-11-21-23AM,network,1.3179513,103.8923334,20.0,-1.0,-1.0,-1.0
2016-03-21-11-21-43AM,1458530503053,1458530499666,2016-03-21-11-21-39AM,network,1.3179693,103.8923541,20.0,-1.0,-1.0,-1.0
2016-03-21-11-22-03AM,1458530523273,1458530519614,2016-03-21-11-21-59AM,network,1.3179689,103.8923383,20.0,-1.0,-1.0,-1.0
2016-03-21-11-22-23AM,1458530543130,1458530529666,2016-03-21-11-22-09AM,network,1.3179737,103.892365,20.0,-1.0,-1.0,-1.0
2016-03-21-11-22-43AM,1458530563637,1458530563580,2016-03-21-11-22-43AM,network,1.3179761,103.8923666,20.0,-1.0,-1.0,-1.0
2016-03-21-11-23-03AM,1458530583655,1458530583607,2016-03-21-11-23-03AM,network,1.3179602,103.8923592,20.0,-1.0,-1.0,-1.0
2016-03-21-11-23-23AM,1458530603666,1458530603604,2016-03-21-11-23-23AM,network,1.3179677,103.8923573,20.0,-1.0,-1.0,-1.0
2016-03-21-11-23-43AM,1458530623724,1458530623663,2016-03-21-11-23-43AM,network,1.3179675,103.8923767,20.0,-1.0,-1.0,-1.0
2016-03-21-11-24-03AM,1458530643738,1458530643668,2016-03-21-11-24-03AM,network,1.3179658,103.8923564,20.0,-1.0,-1.0,-1.0
2016-03-21-11-24-23AM,1458530663748,1458530663704,2016-03-21-11-24-23AM,network,1.3179699,103.892376,20.0,-1.0,-1.0,-1.0
2016-03-21-11-24-43AM,1458530683785,1458530683729,2016-03-21-11-24-43AM,network,1.3179775,103.8923763,20.0,-1.0,-1.0,-1.0
2016-03-21-11-25-03AM,1458530703793,1458530703746,2016-03-21-11-25-03AM,network,1.3179777,103.8923618,20.0,-1.0,-1.0,-1.0
2016-03-21-11-25-23AM,1458530723816,1458530723772,2016-03-21-11-25-23AM,network,1.3179821,103.8923632,20.0,-1.0,-1.0,-1.0
2016-03-21-11-25-43AM,1458530743769,1458530743740,2016-03-21-11-25-43AM,network,1.3179857,103.8923677,20.0,-1.0,-1.0,-1.0
2016-03-21-11-26-03AM,1458530763800,1458530763728,2016-03-21-11-26-03AM,network,1.3179654,103.8923558,20.0,-1.0,-1.0,-1.0
2016-03-21-11-26-23AM,1458530783799,1458530783759,2016-03-21-11-26-23AM,network,1.3179603,103.8923452,20.0,-1.0,-1.0,-1.0
2016-03-21-11-27-03AM,1458530823909,1458530823862,2016-03-21-11-27-03AM,network,1.3179496,103.8923535,20.0,-1.0,-1.0,-1.0
2016-03-21-11-27-23AM,1458530843861,1458530843826,2016-03-21-11-27-23AM,network,1.3179945,103.8923521,20.0,-1.0,-1.0,-1.0
2016-03-21-11-27-43AM,1458530863739,1458530863684,2016-03-21-11-27-43AM,network,1.3179945,103.8923521,20.0,-1.0,-1.0,-1.0
2016-03-21-11-28-03AM,1458530883817,1458530883765,2016-03-21-11-28-03AM,network,1.3179945,103.8923521,20.0,-1.0,-1.0,-1.0
2016-03-21-11-28-24AM,1458530904781,1458530903817,2016-03-21-11-28-23AM,network,1.3179945,103.8923521,20.0,-1.0,-1.0,-1.0
2016-03-21-11-28-44AM,1458530924652,1458530924474,2016-03-21-11-28-44AM,network,1.3302423,103.888119,1200.0,-1.0,-1.0,-1.0
2016-03-21-11-29-04AM,1458530944739,1458530944660,2016-03-21-11-29-04AM,network,1.3302423,103.888119,1200.0,-1.0,-1.0,-1.0
2016-03-21-11-29-23AM,1458530963875,1458530963212,2016-03-21-11-29-23AM,network,1.3302423,103.888119,1200.0,-1.0,-1.0,-1.0
2016-03-21-11-29-43AM,1458530983864,1458530983255,2016-03-21-11-29-43AM,network,1.3302423,103.888119,1200.0,-1.0,-1.0,-1.0
2016-03-21-11-30-03AM,1458531003881,1458531003256,2016-03-21-11-30-03AM,network,1.3302423,103.888119,1200.0,-1.0,-1.0,-1.0
2016-03-21-11-30-23AM,1458531023849,1458531023817,2016-03-21-11-30-23AM,network,1.2937598,103.8533092,212.0,-1.0,-1.0,-1.0
2016-03-21-11-30-43AM,1458531043945,1458531043873,2016-03-21-11-30-43AM,network,1.3179693,103.8923324,87.0,-1.0,-1.0,-1.0
2016-03-21-11-31-03AM,1458531063922,1458531063889,2016-03-21-11-31-03AM,network,1.3179693,103.8923324,87.0,-1.0,-1.0,-1.0
2016-03-21-11-31-25AM,1458531085064,1458531083931,2016-03-21-11-31-23AM,network,1.3349848,103.8883497,87.29,-1.0,-1.0,-1.0
2016-03-21-11-31-43AM,1458531103990,1458531103928,2016-03-21-11-31-43AM,network,1.3349848,103.8883497,87.29,-1.0,-1.0,-1.0
2016-03-21-11-32-03AM,1458531123975,1458531123908,2016-03-21-11-32-03AM,network,1.3349848,103.8883497,87.29,-1.0,-1.0,-1.0
2016-03-21-11-32-24AM,1458531144004,1458531143955,2016-03-21-11-32-23AM,network,1.3349848,103.8883497,87.29,-1.0,-1.0,-1.0
2016-03-21-11-32-44AM,1458531164143,1458531163354,2016-03-21-11-32-43AM,network,1.3173338,103.8935558,800.0,-1.0,-1.0,-1.0
2016-03-21-11-33-04AM,1458531184882,1458531183969,2016-03-21-11-33-03AM,network,1.2937598,103.8533092,212.0,-1.0,-1.0,-1.0
2016-03-21-11-33-24AM,1458531204036,1458531204000,2016-03-21-11-33-24AM,network,1.2937598,103.8533092,212.0,-1.0,-1.0,-1.0
2016-03-21-11-33-44AM,1458531224058,1458531224010,2016-03-21-11-33-44AM,network,1.2937598,103.8533092,212.0,-1.0,-1.0,-1.0
2016-03-21-11-34-04AM,1458531244006,1458531243943,2016-03-21-11-34-03AM,network,1.2937598,103.8533092,212.0,-1.0,-1.0,-1.0
2016-03-21-11-34-24AM,1458531264091,1458531264032,2016-03-21-11-34-24AM,network,1.2937598,103.8533092,212.0,-1.0,-1.0,-1.0
2016-03-21-11-34-44AM,1458531284091,1458531284065,2016-03-21-11-34-44AM,network,1.2948569,103.7844835,37.5,-1.0,-1.0,-1.0
2016-03-21-11-35-04AM,1458531304047,1458531303982,2016-03-21-11-35-03AM,network,1.2948569,103.7844835,37.5,-1.0,-1.0,-1.0
2016-03-21-11-35-24AM,1458531324105,1458531324045,2016-03-21-11-35-24AM,network,1.2948569,103.7844835,37.5,-1.0,-1.0,-1.0
2016-03-21-11-35-45AM,1458531345152,1458531344115,2016-03-21-11-35-44AM,network,1.3508883,103.8712753,172.131,-1.0,-1.0,-1.0
2016-03-21-11-36-05AM,1458531365182,1458531364211,2016-03-21-11-36-04AM,network,1.350885,103.8712821,171.488,-1.0,-1.0,-1.0
2016-03-21-11-36-24AM,1458531384276,1458531384240,2016-03-21-11-36-24AM,network,1.3508821,103.8712735,172.272,-1.0,-1.0,-1.0
2016-03-21-11-36-44AM,1458531404235,1458531404197,2016-03-21-11-36-44AM,network,1.3508737,103.8712771,171.907,-1.0,-1.0,-1.0
2016-03-21-11-37-04AM,1458531424159,1458531424125,2016-03-21-11-37-04AM,network,1.3508737,103.8712771,171.907,-1.0,-1.0,-1.0
2016-03-21-11-37-24AM,1458531444140,1458531444103,2016-03-21-11-37-24AM,network,1.3508737,103.8712771,171.907,-1.0,-1.0,-1.0
2016-03-21-11-37-44AM,1458531464286,1458531464129,2016-03-21-11-37-44AM,network,1.3509011,103.8712518,21.0,-1.0,-1.0,-1.0
2016-03-21-11-38-04AM,1458531484283,1458531483566,2016-03-21-11-38-03AM,network,1.3526323,103.8645619,2700.0,-1.0,-1.0,-1.0
2016-03-21-11-38-24AM,1458531504212,1458531504192,2016-03-21-11-38-24AM,network,1.2937598,103.8533092,212.0,-1.0,-1.0,-1.0
2016-03-21-11-38-44AM,1458531524199,1458531524138,2016-03-21-11-38-44AM,network,1.2937598,103.8533092,212.0,-1.0,-1.0,-1.0
2016-03-21-11-39-04AM,1458531544228,1458531544170,2016-03-21-11-39-04AM,network,1.2948574,103.7844864,40.5,-1.0,-1.0,-1.0
2016-03-21-11-39-25AM,1458531565111,1458531564195,2016-03-21-11-39-24AM,network,1.2948574,103.7844864,40.5,-1.0,-1.0,-1.0
2016-03-21-11-39-44AM,1458531584238,1458531584192,2016-03-21-11-39-44AM,network,1.2948574,103.7844864,40.5,-1.0,-1.0,-1.0
2016-03-21-11-40-04AM,1458531604275,1458531604196,2016-03-21-11-40-04AM,network,1.2948574,103.7844864,40.5,-1.0,-1.0,-1.0
2016-03-21-11-40-25AM,1458531625335,1458531624352,2016-03-21-11-40-24AM,network,1.3509291,103.8481618,25.0,-1.0,-1.0,-1.0
2016-03-21-11-40-45AM,1458531645277,1458531644451,2016-03-21-11-40-44AM,network,1.3509284,103.8481631,20.0,-1.0,-1.0,-1.0
2016-03-21-11-41-04AM,1458531664398,1458531664365,2016-03-21-11-41-04AM,network,1.3509371,103.8481618,22.0,-1.0,-1.0,-1.0
2016-03-21-11-41-24AM,1458531684380,1458531684344,2016-03-21-11-41-24AM,network,1.3509297,103.848162,22.0,-1.0,-1.0,-1.0
2016-03-21-11-41-44AM,1458531704444,1458531704389,2016-03-21-11-41-44AM,network,1.3509284,103.8481677,24.0,-1.0,-1.0,-1.0
2016-03-21-11-42-04AM,1458531724265,1458531724235,2016-03-21-11-42-04AM,network,1.3509284,103.8481677,24.0,-1.0,-1.0,-1.0
2016-03-21-11-42-24AM,1458531744449,1458531744260,2016-03-21-11-42-24AM,network,1.3509284,103.8481677,24.0,-1.0,-1.0,-1.0
2016-03-21-11-42-45AM,1458531765319,1458531764266,2016-03-21-11-42-44AM,network,1.3509284,103.8481677,24.0,-1.0,-1.0,-1.0
2016-03-21-11-43-05AM,1458531785198,1458531785112,2016-03-21-11-43-05AM,network,1.3533363,103.8442699,1399.999,-1.0,-1.0,-1.0
2016-03-21-11-43-24AM,1458531804310,1458531804256,2016-03-21-11-43-24AM,network,1.3958486,103.8317788,39.0,-1.0,-1.0,-1.0
2016-03-21-11-43-44AM,1458531824403,1458531824277,2016-03-21-11-43-44AM,network,1.3958502,103.8317769,37.5,-1.0,-1.0,-1.0
2016-03-21-11-44-05AM,1458531845156,1458531844369,2016-03-21-11-44-04AM,network,1.3489158,103.8391094,61.5,-1.0,-1.0,-1.0
2016-03-21-11-44-24AM,1458531864442,1458531864370,2016-03-21-11-44-24AM,network,1.3489158,103.8391094,61.5,-1.0,-1.0,-1.0
2016-03-21-11-44-44AM,1458531884440,1458531884385,2016-03-21-11-44-44AM,network,1.3489158,103.8391094,61.5,-1.0,-1.0,-1.0
2016-03-21-11-45-04AM,1458531904394,1458531904366,2016-03-21-11-45-04AM,network,1.3489158,103.8391094,61.5,-1.0,-1.0,-1.0
2016-03-21-11-45-24AM,1458531924418,1458531923903,2016-03-21-11-45-23AM,network,1.3427543,103.850792,2799.999,-1.0,-1.0,-1.0
2016-03-21-11-45-44AM,1458531944484,1458531943889,2016-03-21-11-45-43AM,network,1.3427543,103.850792,2799.999,-1.0,-1.0,-1.0
2016-03-21-11-46-05AM,1458531965307,1458531964378,2016-03-21-11-46-04AM,network,1.3958489,103.8317766,43.5,-1.0,-1.0,-1.0
2016-03-21-11-46-24AM,1458531984452,1458531984400,2016-03-21-11-46-24AM,network,1.3958489,103.8317766,43.5,-1.0,-1.0,-1.0
2016-03-21-11-46-44AM,1458532004456,1458532004420,2016-03-21-11-46-44AM,network,1.3958502,103.8317769,37.5,-1.0,-1.0,-1.0
2016-03-21-11-47-04AM,1458532024550,1458532024513,2016-03-21-11-47-04AM,network,1.3958486,103.8317788,39.0,-1.0,-1.0,-1.0
2016-03-21-11-47-24AM,1458532044639,1458532044488,2016-03-21-11-47-24AM,network,1.3958502,103.8317769,37.5,-1.0,-1.0,-1.0
2016-03-21-11-47-44AM,1458532064563,1458532064507,2016-03-21-11-47-44AM,network,1.3958492,103.8317766,40.5,-1.0,-1.0,-1.0
2016-03-21-11-48-04AM,1458532084603,1458532084537,2016-03-21-11-48-04AM,network,1.3958492,103.8317766,40.5,-1.0,-1.0,-1.0
2016-03-21-11-48-24AM,1458532104593,1458532104551,2016-03-21-11-48-24AM,network,1.3958502,103.8317769,37.5,-1.0,-1.0,-1.0
2016-03-21-11-48-44AM,1458532124608,1458532124546,2016-03-21-11-48-44AM,network,1.3958502,103.8317769,37.5,-1.0,-1.0,-1.0
2016-03-21-11-49-04AM,1458532144645,1458532144591,2016-03-21-11-49-04AM,network,1.3958489,103.8317766,43.5,-1.0,-1.0,-1.0
2016-03-21-11-49-24AM,1458532164636,1458532164579,2016-03-21-11-49-24AM,network,1.3958502,103.8317769,37.5,-1.0,-1.0,-1.0
2016-03-21-11-49-44AM,1458532184642,1458532184572,2016-03-21-11-49-44AM,network,1.3958502,103.8317769,37.5,-1.0,-1.0,-1.0
2016-03-21-11-50-04AM,1458532204650,1458532204615,2016-03-21-11-50-04AM,network,1.3958502,103.8317769,37.5,-1.0,-1.0,-1.0
2016-03-21-11-50-29AM,1458532229580,1458532224639,2016-03-21-11-50-24AM,network,1.3958502,103.8317769,37.5,-1.0,-1.0,-1.0
2016-03-21-11-51-04AM,1458532264690,1458532264194,2016-03-21-11-51-04AM,network,1.3224593,103.8156487,1200.0,-1.0,-1.0,-1.0
2016-03-21-11-51-24AM,1458532284750,1458532284692,2016-03-21-11-51-24AM,network,1.2948574,103.7844845,36.0,-1.0,-1.0,-1.0
2016-03-21-11-51-44AM,1458532304739,1458532304684,2016-03-21-11-51-44AM,network,1.2948572,103.7844835,36.0,-1.0,-1.0,-1.0
2016-03-21-11-52-04AM,1458532324783,1458532324744,2016-03-21-11-52-04AM,network,1.2948572,103.7844835,36.0,-1.0,-1.0,-1.0
2016-03-21-11-52-24AM,1458532344814,1458532344768,2016-03-21-11-52-24AM,network,1.2948572,103.7844835,36.0,-1.0,-1.0,-1.0
2016-03-21-11-53-50AM,1458532430374,1458532426866,2016-03-21-11-53-46AM,network,1.311434,103.7982616,1600.0,-1.0,-1.0,-1.0
2016-03-21-11-54-04AM,1458532444892,1458532444847,2016-03-21-11-54-04AM,network,1.2948565,103.7844836,37.5,-1.0,-1.0,-1.0
2016-03-21-11-54-24AM,1458532464901,1458532464856,2016-03-21-11-54-24AM,network,1.2948565,103.7844836,37.5,-1.0,-1.0,-1.0
2016-03-21-11-54-44AM,1458532484912,1458532484380,2016-03-21-11-54-44AM,network,1.3097429,103.7866714,1000.0,-1.0,-1.0,-1.0
2016-03-21-11-55-04AM,1458532504901,1458532504368,2016-03-21-11-55-04AM,network,1.3097429,103.7866714,1000.0,-1.0,-1.0,-1.0
2016-03-21-11-55-25AM,1458532525059,1458532524391,2016-03-21-11-55-24AM,network,1.3097429,103.7866714,1000.0,-1.0,-1.0,-1.0
2016-03-21-11-55-46AM,1458532546159,1458532544968,2016-03-21-11-55-44AM,network,1.3111326,103.7958259,25.0,-1.0,-1.0,-1.0
2016-03-21-11-56-04AM,1458532564999,1458532564914,2016-03-21-11-56-04AM,network,1.3111326,103.7958259,25.0,-1.0,-1.0,-1.0
2016-03-21-11-56-24AM,1458532584982,1458532584937,2016-03-21-11-56-24AM,network,1.3111326,103.7958259,25.0,-1.0,-1.0,-1.0
2016-03-21-11-56-45AM,1458532605011,1458532604989,2016-03-21-11-56-44AM,network,1.3111326,103.7958259,25.0,-1.0,-1.0,-1.0
2016-03-21-11-57-08AM,1458532628038,1458532625045,2016-03-21-11-57-05AM,network,1.3070227,103.7905167,20.0,-1.0,-1.0,-1.0
2016-03-21-11-57-26AM,1458532646061,1458532645020,2016-03-21-11-57-25AM,network,1.3070209,103.7905188,20.0,-1.0,-1.0,-1.0
2016-03-21-11-57-45AM,1458532665124,1458532665075,2016-03-21-11-57-45AM,network,1.3070294,103.7905154,20.0,-1.0,-1.0,-1.0
2016-03-21-11-58-05AM,1458532685226,1458532685171,2016-03-21-11-58-05AM,network,1.3070125,103.7905154,20.0,-1.0,-1.0,-1.0
2016-03-21-11-58-25AM,1458532705171,1458532705127,2016-03-21-11-58-25AM,network,1.3070125,103.7905154,20.0,-1.0,-1.0,-1.0
2016-03-21-11-58-45AM,1458532725144,1458532725113,2016-03-21-11-58-45AM,network,1.3070125,103.7905154,20.0,-1.0,-1.0,-1.0
2016-03-21-11-59-05AM,1458532745218,1458532745160,2016-03-21-11-59-05AM,network,1.3070125,103.7905154,20.0,-1.0,-1.0,-1.0
2016-03-21-11-59-25AM,1458532765230,1458532764719,2016-03-21-11-59-24AM,network,1.300079,103.787758,1200.0,-1.0,-1.0,-1.0
2016-03-21-11-59-46AM,1458532786521,1458532785272,2016-03-21-11-59-45AM,network,1.2993385,103.7874717,59.0,-1.0,-1.0,-1.0
2016-03-21-12-00-05PM,1458532805357,1458532805295,2016-03-21-12-00-05PM,network,1.2993854,103.7875553,63.0,-1.0,-1.0,-1.0
2016-03-21-12-00-25PM,1458532825310,1458532825250,2016-03-21-12-00-25PM,network,1.2993854,103.7875553,63.0,-1.0,-1.0,-1.0
2016-03-21-12-00-45PM,1458532845312,1458532845267,2016-03-21-12-00-45PM,network,1.2993854,103.7875553,63.0,-1.0,-1.0,-1.0
2016-03-21-12-01-05PM,1458532865352,1458532865306,2016-03-21-12-01-05PM,network,1.2996812,103.7879718,27.0,-1.0,-1.0,-1.0
2016-03-21-12-01-25PM,1458532885370,1458532885328,2016-03-21-12-01-25PM,network,1.2948571,103.7844828,40.5,-1.0,-1.0,-1.0
2016-03-21-12-02-02PM,1458532922805,1458532922231,2016-03-21-12-02-02PM,network,1.2954113,103.7852227,1200.0,-1.0,-1.0,-1.0
2016-03-21-12-02-22PM,1458532942737,1458532942232,2016-03-21-12-02-22PM,network,1.2954113,103.7852227,1200.0,-1.0,-1.0,-1.0
2016-03-21-12-02-42PM,1458532962798,1458532962261,2016-03-21-12-02-42PM,network,1.2954113,103.7852227,1200.0,-1.0,-1.0,-1.0
2016-03-21-12-03-03PM,1458532983917,1458532982748,2016-03-21-12-03-02PM,network,1.2944555,103.7842954,34.5,-1.0,-1.0,-1.0
2016-03-21-12-03-23PM,1458533003707,1458533002801,2016-03-21-12-03-22PM,network,1.2945084,103.7843204,40.5,-1.0,-1.0,-1.0
2016-03-21-12-03-42PM,1458533022955,1458533022921,2016-03-21-12-03-42PM,network,1.2945233,103.7843218,30.0,-1.0,-1.0,-1.0
2016-03-21-12-04-02PM,1458533042914,1458533042842,2016-03-21-12-04-02PM,network,1.2945233,103.7843087,34.5,-1.0,-1.0,-1.0
2016-03-21-12-04-24PM,1458533064115,1458533062999,2016-03-21-12-04-22PM,network,1.2946916,103.7841438,50.951,-1.0,-1.0,-1.0
2016-03-21-12-04-47PM,1458533087345,1458533082310,2016-03-21-12-04-42PM,network,1.2954113,103.7852227,1200.0,-1.0,-1.0,-1.0
2016-03-21-12-05-03PM,1458533103589,1458533094947,2016-03-21-12-04-54PM,network,1.2946858,103.7841936,37.5,-1.0,-1.0,-1.0
2016-03-21-12-05-22PM,1458533122967,1458533122937,2016-03-21-12-05-22PM,network,1.2947038,103.7841678,26.491,-1.0,-1.0,-1.0
2016-03-21-12-05-47PM,1458533147444,1458533142394,2016-03-21-12-05-42PM,network,1.2945435,103.7834119,100.0,-1.0,-1.0,-1.0
2016-03-21-12-06-03PM,1458533163932,1458533162897,2016-03-21-12-06-02PM,network,1.2948757,103.7835356,46.541,-1.0,-1.0,-1.0
2016-03-21-12-06-27PM,1458533187510,1458533182409,2016-03-21-12-06-22PM,network,1.2954173,103.7841362,800.0,-1.0,-1.0,-1.0
2016-03-21-12-06-43PM,1458533203048,1458533202969,2016-03-21-12-06-42PM,network,1.2948757,103.7835356,46.541,-1.0,-1.0,-1.0
2016-03-21-12-07-04PM,1458533224147,1458533223057,2016-03-21-12-07-03PM,network,1.2951003,103.7825726,67.424,-1.0,-1.0,-1.0
2016-03-21-12-07-23PM,1458533243209,1458533243156,2016-03-21-12-07-23PM,network,1.2951003,103.7825726,67.424,-1.0,-1.0,-1.0
2016-03-21-12-07-43PM,1458533263070,1458533263025,2016-03-21-12-07-43PM,network,1.2953797,103.7827978,37.562,-1.0,-1.0,-1.0
2016-03-21-12-08-04PM,1458533284842,1458533283895,2016-03-21-12-08-03PM,network,1.2953544,103.7821416,39.977,-1.0,-1.0,-1.0
2016-03-21-12-08-23PM,1458533303807,1458533303750,2016-03-21-12-08-23PM,network,1.2953798,103.7821952,39.907,-1.0,-1.0,-1.0
2016-03-21-12-08-38PM,1458533318400,1458533318626,2016-03-21-12-08-38PM,gps,1.29558848,103.78240467,18.0,70.4000015258789,135.8,2.5495098
2016-03-21-12-08-49PM,1458533329649,1458533324522,2016-03-21-12-08-44PM,network,1.2974756,103.7823254,500.0,-1.0,-1.0,-1.0
2016-03-21-12-08-59PM,1458533339779,1458533340000,2016-03-21-12-09-00PM,gps,1.29566303,103.78186766,39.0,44.0,274.2,1.0
2016-03-21-12-09-35PM,1458533375895,1458533365852,2016-03-21-12-09-25PM,network,1.2955777,103.7817631,23.0,-1.0,-1.0,-1.0
2016-03-21-12-09-46PM,1458533386117,1458533385241,2016-03-21-12-09-45PM,network,1.2959048,103.7815179,45.006,-1.0,-1.0,-1.0
2016-03-21-12-10-09PM,1458533409676,1458533404602,2016-03-21-12-10-04PM,network,1.2971971,103.7797903,300.0,-1.0,-1.0,-1.0
2016-03-21-12-10-18PM,1458533418808,1458533419000,2016-03-21-12-10-19PM,gps,1.29544408,103.78058751,69.0,29.0,240.7,1.75
2016-03-21-12-10-25PM,1458533425646,1458533423891,2016-03-21-12-10-23PM,network,1.2966186,103.7808195,23.0,-1.0,-1.0,-1.0
2016-03-21-12-10-33PM,1458533433810,1458533434000,2016-03-21-12-10-34PM,gps,1.29551446,103.78053143,36.0,35.0,325.9,1.0
2016-03-21-12-10-49PM,1458533449699,1458533444617,2016-03-21-12-10-44PM,network,1.2954253,103.7826876,100.0,-1.0,-1.0,-1.0
2016-03-21-12-10-54PM,1458533454860,1458533455000,2016-03-21-12-10-55PM,gps,1.29502879,103.78027234,56.0,19.600000381469727,165.8,3.0
2016-03-21-12-11-09PM,1458533469688,1458533464635,2016-03-21-12-11-04PM,network,1.2954253,103.7826876,100.0,-1.0,-1.0,-1.0
2016-03-21-12-11-15PM,1458533475858,1458533476000,2016-03-21-12-11-16PM,gps,1.29555976,103.78041459,52.0,30.399999618530273,-1.0,0.0
2016-03-21-12-11-48PM,1458533508027,1458533507036,2016-03-21-12-11-47PM,network,1.2964839,103.7809435,25.0,-1.0,-1.0,-1.0
2016-03-21-12-12-06PM,1458533526287,1458533525282,2016-03-21-12-12-05PM,network,1.2966736,103.780926,44.278,-1.0,-1.0,-1.0
2016-03-21-12-12-25PM,1458533545544,1458533545499,2016-03-21-12-12-25PM,network,1.2967947,103.78101,30.893,-1.0,-1.0,-1.0
2016-03-21-12-12-40PM,1458533560811,1458533561000,2016-03-21-12-12-41PM,gps,1.29668899,103.78079886,93.0,51.599998474121094,180.0,0.75
2016-03-21-12-12-52PM,1458533572800,1458533573000,2016-03-21-12-12-53PM,gps,1.29719646,103.78086001,15.0,54.29999923706055,347.6,1.25
2016-03-21-12-13-02PM,1458533582818,1458533583000,2016-03-21-12-13-03PM,gps,1.29734918,103.78090387,10.0,43.29999923706055,288.9,1.0
2016-03-21-12-13-22PM,1458533602152,1458533601737,2016-03-21-12-13-21PM,gps,1.29738917,103.78107207,8.0,34.5,-1.0,0.0
2016-03-21-12-13-30PM,1458533610640,1458533604888,2016-03-21-12-13-24PM,network,1.2989508,103.7801524,500.0,-1.0,-1.0,-1.0
2016-03-21-12-13-45PM,1458533625968,1458533625560,2016-03-21-12-13-45PM,network,1.2971506,103.7807887,37.0,-1.0,-1.0,-1.0
2016-03-21-12-13-52PM,1458533632809,1458533633000,2016-03-21-12-13-53PM,gps,1.29741957,103.78074192,12.0,34.400001525878906,231.5,0.5
2016-03-21-12-14-03PM,1458533643837,1458533644000,2016-03-21-12-14-04PM,gps,1.29732581,103.78079717,21.0,34.400001525878906,-1.0,0.0
2016-03-21-12-14-23PM,1458533663850,1458533664000,2016-03-21-12-14-24PM,gps,1.29725923,103.78081972,25.0,39.5,-1.0,0.0
2016-03-21-12-14-33PM,1458533673809,1458533674000,2016-03-21-12-14-34PM,gps,1.29724051,103.78082557,21.0,39.900001525878906,-1.0,0.0
2016-03-21-12-14-43PM,1458533683847,1458533684000,2016-03-21-12-14-44PM,gps,1.29722642,103.78083145,21.0,40.29999923706055,-1.0,0.0
2016-03-21-12-15-02PM,1458533702846,1458533703000,2016-03-21-12-15-03PM,gps,1.29746198,103.78081905,10.0,39.0,-1.0,0.0
2016-03-21-12-15-22PM,1458533722180,1458533721757,2016-03-21-12-15-21PM,gps,1.29744797,103.78081135,5.0,37.70000076293945,-1.0,0.0
2016-03-21-12-15-32PM,1458533732204,1458533731757,2016-03-21-12-15-31PM,gps,1.29745405,103.78081419,5.0,38.29999923706055,-1.0,0.0
2016-03-21-12-15-42PM,1458533742225,1458533741757,2016-03-21-12-15-41PM,gps,1.29748949,103.78081504,7.0,37.5,231.5,0.5
2016-03-21-12-15-52PM,1458533752153,1458533751737,2016-03-21-12-15-51PM,gps,1.2975323,103.78076501,8.0,32.099998474121094,-1.0,0.0
2016-03-21-12-16-02PM,1458533762854,1458533763000,2016-03-21-12-16-03PM,gps,1.29750509,103.78076739,12.0,32.900001525878906,-1.0,0.0
2016-03-21-12-16-22PM,1458533782819,1458533783000,2016-03-21-12-16-23PM,gps,1.2974723,103.78076953,14.0,32.5,-1.0,0.0
2016-03-21-12-16-32PM,1458533792824,1458533793000,2016-03-21-12-16-33PM,gps,1.29745222,103.78077414,9.0,33.20000076293945,-1.0,0.0
2016-03-21-12-16-42PM,1458533802834,1458533803000,2016-03-21-12-16-43PM,gps,1.29741901,103.78079924,13.0,37.400001525878906,-1.0,0.0
2016-03-21-12-17-02PM,1458533822888,1458533823000,2016-03-21-12-17-03PM,gps,1.29742769,103.78080645,10.0,35.20000076293945,-1.0,0.0
2016-03-21-12-17-22PM,1458533842219,1458533841796,2016-03-21-12-17-21PM,gps,1.29743862,103.78080518,7.0,35.20000076293945,-1.0,0.0
2016-03-21-12-17-32PM,1458533852840,1458533853000,2016-03-21-12-17-33PM,gps,1.29744754,103.78081646,10.0,32.20000076293945,-1.0,0.0
2016-03-21-12-17-43PM,1458533863819,1458533864000,2016-03-21-12-17-44PM,gps,1.29746296,103.78081762,26.0,30.299999237060547,-1.0,0.0
2016-03-21-12-17-53PM,1458533873853,1458533874000,2016-03-21-12-17-54PM,gps,1.29742362,103.78082068,23.0,28.899999618530273,-1.0,0.0
2016-03-21-12-18-03PM,1458533883875,1458533884000,2016-03-21-12-18-04PM,gps,1.29739179,103.78084433,23.0,29.899999618530273,142.7,1.5
2016-03-21-12-18-13PM,1458533893826,1458533894000,2016-03-21-12-18-14PM,gps,1.29719402,103.78085602,23.0,25.600000381469727,154.9,2.0
2016-03-21-12-18-26PM,1458533906211,1458533906164,2016-03-21-12-18-26PM,network,1.2972456,103.7806959,33.0,-1.0,-1.0,-1.0
2016-03-21-12-18-46PM,1458533926517,1458533926452,2016-03-21-12-18-46PM,network,1.2972793,103.7807079,22.187,-1.0,-1.0,-1.0
2016-03-21-12-19-04PM,1458533944849,1458533945000,2016-03-21-12-19-05PM,gps,1.29712799,103.78072149,28.0,5.300000190734863,199.0,0.25
2016-03-21-12-19-22PM,1458533962830,1458533963000,2016-03-21-12-19-23PM,gps,1.29734108,103.78071561,16.0,-4.099999904632568,199.0,0.5
2016-03-21-12-19-32PM,1458533972833,1458533973000,2016-03-21-12-19-33PM,gps,1.2973337,103.78064701,16.0,-4.800000190734863,199.0,0.5
2016-03-21-12-19-46PM,1458533986283,1458533986238,2016-03-21-12-19-46PM,network,1.297325,103.7806824,26.579,-1.0,-1.0,-1.0
2016-03-21-12-20-05PM,1458534005928,1458534006000,2016-03-21-12-20-06PM,gps,1.29719554,103.78075116,37.0,11.899999618530273,201.6,0.5
2016-03-21-12-20-25PM,1458534025769,1458534025707,2016-03-21-12-20-25PM,network,1.2973178,103.7806981,25.789,-1.0,-1.0,-1.0
2016-03-21-12-20-46PM,1458534046559,1458534046508,2016-03-21-12-20-46PM,network,1.297164,103.7808158,43.225,-1.0,-1.0,-1.0
2016-03-21-12-21-05PM,1458534065840,1458534066000,2016-03-21-12-21-06PM,gps,1.29746295,103.78065744,49.0,9.800000190734863,303.4,2.0
2016-03-21-12-21-25PM,1458534085869,1458534086000,2016-03-21-12-21-26PM,gps,1.29724263,103.78077278,28.0,7.300000190734863,-1.0,0.0
2016-03-21-12-21-46PM,1458534106626,1458534106591,2016-03-21-12-21-46PM,network,1.2971719,103.7808083,44.117,-1.0,-1.0,-1.0
2016-03-21-12-22-04PM,1458534124847,1458534125000,2016-03-21-12-22-05PM,gps,1.29713829,103.78085704,37.0,13.199999809265137,-1.0,0.0
2016-03-21-12-22-22PM,1458534142866,1458534143000,2016-03-21-12-22-23PM,gps,1.29715468,103.78087019,16.0,13.899999618530273,-1.0,0.0
2016-03-21-12-22-32PM,1458534152864,1458534153000,2016-03-21-12-22-33PM,gps,1.29717072,103.78083145,18.0,20.899999618530273,-1.0,0.0
2016-03-21-12-22-42PM,1458534162859,1458534163000,2016-03-21-12-22-43PM,gps,1.29711345,103.78084936,14.0,20.5,-1.0,0.0
2016-03-21-12-22-52PM,1458534172915,1458534173000,2016-03-21-12-22-53PM,gps,1.29723914,103.78079362,12.0,25.700000762939453,-1.0,0.0
2016-03-21-12-23-11PM,1458534191811,1458534191436,2016-03-21-12-23-11PM,gps,1.29728947,103.78078462,9.0,27.899999618530273,-1.0,0.0
2016-03-21-12-23-21PM,1458534201900,1458534195966,2016-03-21-12-23-15PM,network,1.2973397,103.7806273,28.926,-1.0,-1.0,-1.0
2016-03-21-12-23-41PM,1458534221871,1458534217461,2016-03-21-12-23-37PM,network,1.2973397,103.7806273,28.926,-1.0,-1.0,-1.0
2016-03-21-12-24-03PM,1458534243082,1458534242642,2016-03-21-12-24-02PM,gps,1.29697332,103.78280725,5.0,34.599998474121094,85.0,2.5
2016-03-21-12-24-13PM,1458534253241,1458534252758,2016-03-21-12-24-12PM,gps,1.29697959,103.78285149,4.0,28.399999618530273,-1.0,0.0
2016-03-21-12-24-23PM,1458534263421,1458534262774,2016-03-21-12-24-22PM,gps,1.29692627,103.78296032,6.0,28.600000381469727,133.1,2.75
2016-03-21-12-24-43PM,1458534283899,1458534284000,2016-03-21-12-24-44PM,gps,1.29559705,103.78415169,8.0,28.5,155.6,6.25
2016-03-21-12-24-53PM,1458534293862,1458534294000,2016-03-21-12-24-54PM,gps,1.29501139,103.78453096,8.0,30.600000381469727,131.1,2.0
2016-03-21-12-25-03PM,1458534303614,1458534302277,2016-03-21-12-25-02PM,network,1.2945673,103.784543,37.5,-1.0,-1.0,-1.0
2016-03-21-12-25-13PM,1458534313861,1458534314000,2016-03-21-12-25-14PM,gps,1.29497401,103.78456051,11.0,39.29999923706055,-1.0,0.0
2016-03-21-12-25-22PM,1458534322948,1458534322907,2016-03-21-12-25-22PM,network,1.2947225,103.7842782,58.5,-1.0,-1.0,-1.0
2016-03-21-12-25-33PM,1458534333864,1458534334000,2016-03-21-12-25-34PM,gps,1.29427198,103.78495024,12.0,42.29999923706055,166.8,5.75
2016-03-21-12-25-43PM,1458534343964,1458534342934,2016-03-21-12-25-42PM,network,1.2946618,103.7842968,40.5,-1.0,-1.0,-1.0
2016-03-21-12-25-53PM,1458534353443,1458534352975,2016-03-21-12-25-52PM,gps,1.29393843,103.78499363,3.0,47.29999923706055,-1.0,0.0
2016-03-21-12-26-03PM,1458534363024,1458534362975,2016-03-21-12-26-02PM,network,1.2946992,103.7842406,40.5,-1.0,-1.0,-1.0
2016-03-21-12-26-13PM,1458534373392,1458534372919,2016-03-21-12-26-12PM,gps,1.29393,103.78500211,3.0,46.79999923706055,-1.0,0.0
2016-03-21-12-26-23PM,1458534383033,1458534382985,2016-03-21-12-26-22PM,network,1.2946938,103.7842474,40.5,-1.0,-1.0,-1.0
2016-03-21-12-26-43PM,1458534403492,1458534403022,2016-03-21-12-26-43PM,gps,1.29291145,103.78490706,6.0,52.20000076293945,221.6,9.25
2016-03-21-12-26-54PM,1458534414897,1458534415000,2016-03-21-12-26-55PM,gps,1.29235867,103.78433928,13.0,53.20000076293945,228.8,1.75
2016-03-21-12-27-05PM,1458534425471,1458534425432,2016-03-21-12-27-05PM,network,1.2937188,103.7850818,45.0,-1.0,-1.0,-1.0
2016-03-21-12-27-13PM,1458534433910,1458534434000,2016-03-21-12-27-14PM,gps,1.29239074,103.78423811,11.0,57.400001525878906,200.8,1.75
2016-03-21-12-27-23PM,1458534443896,1458534444000,2016-03-21-12-27-24PM,gps,1.29206586,103.78412914,13.0,63.400001525878906,199.5,4.5
2016-03-21-12-27-44PM,1458534464876,1458534465000,2016-03-21-12-27-45PM,gps,1.29191242,103.78372478,18.0,74.19999694824219,295.0,4.25
2016-03-21-12-28-03PM,1458534483877,1458534484000,2016-03-21-12-28-04PM,gps,1.29185521,103.7827365,14.0,71.0,243.3,5.0
2016-03-21-12-28-13PM,1458534493885,1458534494000,2016-03-21-12-28-14PM,gps,1.29150554,103.78219259,13.0,70.69999694824219,245.8,5.25
2016-03-21-12-28-23PM,1458534503869,1458534504000,2016-03-21-12-28-24PM,gps,1.29122389,103.78162218,13.0,70.30000305175781,237.2,6.25
2016-03-21-12-28-33PM,1458534513881,1458534514000,2016-03-21-12-28-34PM,gps,1.29085011,103.7811799,12.0,70.0,231.8,6.0
2016-03-21-12-28-46PM,1458534526617,1458534526553,2016-03-21-12-28-46PM,network,1.2911706,103.7812938,31.116,-1.0,-1.0,-1.0
2016-03-21-12-29-04PM,1458534544910,1458534545000,2016-03-21-12-29-05PM,gps,1.29137064,103.78078031,11.0,74.9000015258789,304.6,6.75
2016-03-21-12-29-22PM,1458534562858,1458534562382,2016-03-21-12-29-22PM,gps,1.29197227,103.78031908,7.0,70.0,342.3,4.75
2016-03-21-12-29-33PM,1458534573949,1458534574000,2016-03-21-12-29-34PM,gps,1.2923572,103.77964978,9.0,61.20000076293945,298.6,8.25
2016-03-21-12-29-46PM,1458534586986,1458534582965,2016-03-21-12-29-42PM,network,1.2921634,103.7796636,103.516,-1.0,-1.0,-1.0
2016-03-21-12-29-52PM,1458534592862,1458534592402,2016-03-21-12-29-52PM,gps,1.2931544,103.77798311,6.0,47.5,298.0,12.75
2016-03-21-12-30-03PM,1458534603025,1458534602542,2016-03-21-12-30-02PM,gps,1.29372168,103.7769644,5.0,49.29999923706055,297.3,8.0
2016-03-21-12-30-13PM,1458534613028,1458534612582,2016-03-21-12-30-12PM,gps,1.29378374,103.77622761,6.0,45.0,278.4,8.0
2016-03-21-12-30-28PM,1458534628257,1458534622928,2016-03-21-12-30-22PM,network,1.2935228,103.7763588,169.822,-1.0,-1.0,-1.0
2016-03-21-12-30-33PM,1458534633923,1458534634000,2016-03-21-12-30-34PM,gps,1.29322968,103.77513644,20.0,19.299999237060547,198.3,4.0
2016-03-21-12-30-46PM,1458534646264,1458534643090,2016-03-21-12-30-43PM,network,1.2934944,103.7761449,69.0,-1.0,-1.0,-1.0
2016-03-21-12-30-53PM,1458534653896,1458534654000,2016-03-21-12-30-54PM,gps,1.29301491,103.77499979,14.0,31.700000762939453,181.5,0.25
2016-03-21-12-31-12PM,1458534672335,1458534671119,2016-03-21-12-31-11PM,network,1.2932691,103.7746774,38.396,-1.0,-1.0,-1.0
2016-03-21-12-31-22PM,1458534682953,1458534682460,2016-03-21-12-31-22PM,gps,1.2933048,103.77496331,5.0,30.5,287.7,1.25
2016-03-21-12-31-33PM,1458534693942,1458534694000,2016-03-21-12-31-34PM,gps,1.29331605,103.77486215,14.0,28.899999618530273,261.8,0.75
2016-03-21-12-31-43PM,1458534703891,1458534704000,2016-03-21-12-31-44PM,gps,1.29337977,103.77480092,7.0,27.799999237060547,262.9,0.5
2016-03-21-12-31-51PM,1458534711303,1458534706245,2016-03-21-12-31-46PM,network,1.2934193,103.7750823,500.0,-1.0,-1.0,-1.0
2016-03-21-12-32-03PM,1458534723097,1458534722560,2016-03-21-12-32-02PM,gps,1.29348504,103.77475885,5.0,32.29999923706055,-1.0,0.0
2016-03-21-12-32-11PM,1458534731173,1458534731116,2016-03-21-12-32-11PM,network,1.2929318,103.7750608,62.468,-1.0,-1.0,-1.0
2016-03-21-12-32-24PM,1458534744425,1458534744000,2016-03-21-12-32-24PM,gps,1.2934958,103.77464965,11.0,32.400001525878906,182.4,0.75
2016-03-21-12-32-43PM,1458534763925,1458534764000,2016-03-21-12-32-44PM,gps,1.29361431,103.77468919,18.0,38.099998474121094,31.6,0.75
2016-03-21-12-32-58PM,1458534778448,1458534778000,2016-03-21-12-32-58PM,gps,1.29371666,103.77462958,44.0,35.400001525878906,306.9,0.5
2016-03-21-12-33-09PM,1458534789293,1458534789250,2016-03-21-12-33-09PM,network,1.2937501,103.7748556,51.207,-1.0,-1.0,-1.0
2016-03-21-12-33-28PM,1458534808783,1458534808662,2016-03-21-12-33-28PM,network,1.2940353,103.7743878,24.0,-1.0,-1.0,-1.0
2016-03-21-12-33-33PM,1458534813901,1458534814000,2016-03-21-12-33-34PM,gps,1.29379428,103.77444277,13.0,33.400001525878906,212.9,1.75
2016-03-21-12-33-48PM,1458534828647,1458534827886,2016-03-21-12-33-47PM,network,1.2928321,103.7754444,300.0,-1.0,-1.0,-1.0
2016-03-21-12-34-11PM,1458534851419,1458534848743,2016-03-21-12-34-08PM,network,1.2940267,103.7742828,24.0,-1.0,-1.0,-1.0
2016-03-21-12-34-32PM,1458534872993,1458534867963,2016-03-21-12-34-27PM,network,1.2934193,103.7750823,600.0,-1.0,-1.0,-1.0
2016-03-21-12-34-49PM,1458534889655,1458534888755,2016-03-21-12-34-48PM,network,1.2943021,103.7740299,67.835,-1.0,-1.0,-1.0
2016-03-21-12-35-00PM,1458534900939,1458534901000,2016-03-21-12-35-01PM,gps,1.2944923,103.77406088,162.0,39.400001525878906,313.6,0.5
2016-03-21-12-35-08PM,1458534908845,1458534908743,2016-03-21-12-35-08PM,network,1.2943237,103.7739891,63.686,-1.0,-1.0,-1.0
2016-03-21-12-35-28PM,1458534928095,1458534928000,2016-03-21-12-35-28PM,gps,1.29457953,103.77432064,39.0,45.5,-1.0,0.0
2016-03-21-12-35-53PM,1458534953038,1458534952812,2016-03-21-12-35-52PM,network,1.2957601,103.7750823,800.0,-1.0,-1.0,-1.0
2016-03-21-12-36-28PM,1458534988992,1458534988949,2016-03-21-12-36-28PM,network,1.2948129,103.774173,25.531,-1.0,-1.0,-1.0
2016-03-21-12-36-48PM,1458535008831,1458535008794,2016-03-21-12-36-48PM,network,1.2947944,103.7741804,23.923,-1.0,-1.0,-1.0
2016-03-21-12-37-11PM,1458535031341,1458535028681,2016-03-21-12-37-08PM,network,1.2952818,103.7735945,20.0,-1.0,-1.0,-1.0
2016-03-21-12-37-33PM,1458535053155,1458535048104,2016-03-21-12-37-28PM,network,1.2951829,103.7736337,300.0,-1.0,-1.0,-1.0
2016-03-21-12-37-48PM,1458535068288,1458535065640,2016-03-21-12-37-45PM,network,1.2952739,103.7735369,20.0,-1.0,-1.0,-1.0
2016-03-21-12-38-09PM,1458535089803,1458535088881,2016-03-21-12-38-08PM,network,1.294741,103.7736803,62.011,-1.0,-1.0,-1.0
2016-03-21-12-38-28PM,1458535108938,1458535108890,2016-03-21-12-38-28PM,network,1.2947307,103.7736834,61.403,-1.0,-1.0,-1.0
2016-03-21-12-38-48PM,1458535128986,1458535128933,2016-03-21-12-38-48PM,network,1.2947389,103.7736731,61.469,-1.0,-1.0,-1.0
2016-03-21-12-39-09PM,1458535149054,1458535148980,2016-03-21-12-39-08PM,network,1.2947386,103.7736792,61.771,-1.0,-1.0,-1.0
2016-03-21-12-39-28PM,1458535168991,1458535168956,2016-03-21-12-39-28PM,network,1.2947387,103.7736834,62.004,-1.0,-1.0,-1.0
2016-03-21-12-39-49PM,1458535189041,1458535189003,2016-03-21-12-39-49PM,network,1.2947502,103.7736654,61.931,-1.0,-1.0,-1.0
2016-03-21-12-40-08PM,1458535208989,1458535208939,2016-03-21-12-40-08PM,network,1.2947333,103.7736657,60.652,-1.0,-1.0,-1.0
2016-03-21-12-40-29PM,1458535229156,1458535229091,2016-03-21-12-40-29PM,network,1.2947413,103.7736623,61.087,-1.0,-1.0,-1.0
2016-03-21-12-40-49PM,1458535249018,1458535248981,2016-03-21-12-40-48PM,network,1.2947536,103.773672,62.533,-1.0,-1.0,-1.0
2016-03-21-12-41-09PM,1458535269029,1458535268978,2016-03-21-12-41-08PM,network,1.2947341,103.773666,60.729,-1.0,-1.0,-1.0
2016-03-21-12-41-29PM,1458535289057,1458535289018,2016-03-21-12-41-29PM,network,1.2947297,103.773656,59.87,-1.0,-1.0,-1.0
2016-03-21-12-41-49PM,1458535309062,1458535309026,2016-03-21-12-41-49PM,network,1.294736,103.7736572,60.416,-1.0,-1.0,-1.0
2016-03-21-12-42-09PM,1458535329067,1458535329013,2016-03-21-12-42-09PM,network,1.2947234,103.7736653,59.879,-1.0,-1.0,-1.0
2016-03-21-12-42-29PM,1458535349073,1458535349034,2016-03-21-12-42-29PM,network,1.2947199,103.7736642,59.555,-1.0,-1.0,-1.0
2016-03-21-12-42-49PM,1458535369143,1458535369096,2016-03-21-12-42-49PM,network,1.2947407,103.7736761,61.765,-1.0,-1.0,-1.0
2016-03-21-12-43-09PM,1458535389108,1458535389050,2016-03-21-12-43-09PM,network,1.2947333,103.7736729,61.033,-1.0,-1.0,-1.0
2016-03-21-12-43-29PM,1458535409166,1458535409134,2016-03-21-12-43-29PM,network,1.2947246,103.7736585,59.611,-1.0,-1.0,-1.0
2016-03-21-12-43-49PM,1458535429173,1458535429141,2016-03-21-12-43-49PM,network,1.2947188,103.77365,58.723,-1.0,-1.0,-1.0
2016-03-21-12-44-09PM,1458535449170,1458535449128,2016-03-21-12-44-09PM,network,1.2947193,103.7736603,59.302,-1.0,-1.0,-1.0
2016-03-21-12-44-29PM,1458535469341,1458535469292,2016-03-21-12-44-29PM,network,1.2947241,103.7736647,59.9,-1.0,-1.0,-1.0
