2016-03-22-11-38-30am,1458617910615,5.0,3
2016-03-22-11-40-27am,1458618027380,0.0,3
2016-03-22-11-40-27am,1458618027576,5.0,3
2016-03-22-11-43-26am,1458618206690,0.0,3
2016-03-22-11-44-50am,1458618290116,5.0,3
2016-03-22-11-46-06am,1458618366675,0.0,3
2016-03-22-11-46-07am,1458618367074,5.0,3
2016-03-22-11-46-09am,1458618369357,0.0,3
2016-03-22-11-46-10am,1458618370349,5.0,3
2016-03-22-11-46-10am,1458618370554,0.0,3
2016-03-22-11-46-10am,1458618370757,5.0,3
2016-03-22-11-46-22am,1458618382050,0.0,3
2016-03-22-11-46-22am,1458618382963,5.0,3
2016-03-22-11-46-23am,1458618383664,0.0,3
2016-03-22-11-46-23am,1458618383776,5.0,3
2016-03-22-11-46-28am,1458618388526,0.0,3
2016-03-22-11-46-42am,1458618402553,5.0,3
2016-03-22-11-47-49am,1458618469968,0.0,3
2016-03-22-11-47-50am,1458618470066,5.0,3
2016-03-22-11-47-51am,1458618471071,0.0,3
2016-03-22-11-47-51am,1458618471158,5.0,3
2016-03-22-11-48-21am,1458618501537,0.0,3
2016-03-22-11-48-21am,1458618501739,5.0,3
2016-03-22-11-48-43am,1458618523404,0.0,3
2016-03-22-11-48-49am,1458618529835,5.0,3
2016-03-22-11-49-32am,1458618572219,0.0,3
2016-03-22-11-51-23am,1458618683811,5.0,3
2016-03-22-11-51-24am,1458618684238,0.0,3
2016-03-22-11-51-24am,1458618684802,5.0,3
2016-03-22-11-51-27am,1458618687680,0.0,3
2016-03-22-11-51-27am,1458618687789,5.0,3
