2016-03-19-2-00-05PM,1458367205088,8.0,3
2016-03-19-2-00-05PM,1458367205120,8.0,3
2016-03-19-2-00-37PM,1458367237687,0.0,3
2016-03-19-2-00-38PM,1458367238788,8.0,3
2016-03-19-2-04-57PM,1458367497212,0.0,3
2016-03-19-2-04-58PM,1458367498239,8.0,3
2016-03-19-2-16-38PM,1458368198486,0.0,3
2016-03-19-2-16-40PM,1458368200479,8.0,3
2016-03-19-2-16-40PM,1458368200549,0.0,3
2016-03-19-2-17-08PM,1458368228572,8.0,3
2016-03-19-2-17-08PM,1458368228672,0.0,3
2016-03-19-2-17-08PM,1458368228714,8.0,3
2016-03-19-2-17-26PM,1458368246981,0.0,3
2016-03-19-2-17-27PM,1458368247237,8.0,3
2016-03-19-2-17-28PM,1458368248467,0.0,3
2016-03-19-2-17-29PM,1458368249255,8.0,3
2016-03-19-2-17-29PM,1458368249261,0.0,3
2016-03-19-2-18-04PM,1458368284944,8.0,3
2016-03-19-2-18-05PM,1458368285101,0.0,3
2016-03-19-2-18-05PM,1458368285135,8.0,3
2016-03-19-2-18-25PM,1458368305287,0.0,3
2016-03-19-2-18-27PM,1458368307077,8.0,3
2016-03-19-2-18-27PM,1458368307138,0.0,3
2016-03-19-2-25-21PM,1458368721745,8.0,3
2016-03-19-2-26-17PM,1458368777429,0.0,3
2016-03-19-2-26-18PM,1458368778939,8.0,3
2016-03-19-2-26-19PM,1458368779072,0.0,3
2016-03-19-2-26-19PM,1458368779212,8.0,3
2016-03-19-2-26-20PM,1458368780119,0.0,3
2016-03-19-2-26-20PM,1458368780235,8.0,3
2016-03-19-2-26-20PM,1458368780438,0.0,3
2016-03-19-2-26-53PM,1458368813158,8.0,3
2016-03-19-2-26-53PM,1458368813270,0.0,3
2016-03-19-2-26-53PM,1458368813486,8.0,3
2016-03-19-2-27-06PM,1458368826291,0.0,3
2016-03-19-2-27-12PM,1458368832836,8.0,3
2016-03-19-2-27-22PM,1458368842521,0.0,3
2016-03-19-2-27-23PM,1458368843474,8.0,3
2016-03-19-2-27-25PM,1458368845075,0.0,3
2016-03-19-2-28-10PM,1458368890481,8.0,3
2016-03-19-2-28-11PM,1458368891022,0.0,3
2016-03-19-2-28-11PM,1458368891100,8.0,3
2016-03-19-2-28-28PM,1458368908379,0.0,3
2016-03-19-2-28-28PM,1458368908496,8.0,3
2016-03-19-2-32-03PM,1458369123338,0.0,3
2016-03-19-2-32-04PM,1458369124535,8.0,3
2016-03-19-2-38-37PM,1458369517941,0.0,3
2016-03-19-2-38-38PM,1458369518276,8.0,3
2016-03-19-2-38-53PM,1458369533142,0.0,3
2016-03-19-2-38-53PM,1458369533513,8.0,3
2016-03-19-2-39-02PM,1458369542252,0.0,3
2016-03-19-2-39-02PM,1458369542722,8.0,3
2016-03-19-2-39-02PM,1458369542918,0.0,3
2016-03-19-2-39-03PM,1458369543232,8.0,3
2016-03-19-2-39-19PM,1458369559198,0.0,3
2016-03-19-2-39-20PM,1458369560944,8.0,3
2016-03-19-2-39-45PM,1458369585199,0.0,3
2016-03-19-2-39-45PM,1458369585475,8.0,3
2016-03-19-2-39-45PM,1458369585593,0.0,3
2016-03-19-2-39-46PM,1458369586655,8.0,3
2016-03-19-2-40-08PM,1458369608614,0.0,3
2016-03-19-2-40-08PM,1458369608829,8.0,3
2016-03-19-2-40-13PM,1458369613249,0.0,3
2016-03-19-2-40-13PM,1458369613368,8.0,3
2016-03-19-2-40-17PM,1458369617963,0.0,3
2016-03-19-2-40-18PM,1458369618062,8.0,3
2016-03-19-2-40-23PM,1458369623346,0.0,3
2016-03-19-2-40-23PM,1458369623919,8.0,3
2016-03-19-2-40-24PM,1458369624964,0.0,3
2016-03-19-2-40-25PM,1458369625192,8.0,3
2016-03-19-2-40-25PM,1458369625311,0.0,3
2016-03-19-2-40-25PM,1458369625352,8.0,3
2016-03-19-2-41-13PM,1458369673362,0.0,3
2016-03-19-2-41-13PM,1458369673830,8.0,3
2016-03-19-2-41-15PM,1458369675776,0.0,3
2016-03-19-2-41-16PM,1458369676090,8.0,3
2016-03-19-2-41-16PM,1458369676463,0.0,3
2016-03-19-2-41-16PM,1458369676680,8.0,3
2016-03-19-2-44-08PM,1458369848829,0.0,3
2016-03-19-2-44-10PM,1458369850099,8.0,3
2016-03-19-2-44-34PM,1458369874675,0.0,3
2016-03-19-2-48-38PM,1458370118570,8.0,3
2016-03-19-2-49-14PM,1458370154805,0.0,3
2016-03-19-2-52-39PM,1458370359390,8.0,3
2016-03-19-2-52-53PM,1458370373970,0.0,3
2016-03-19-2-52-54PM,1458370374900,8.0,3
2016-03-19-2-53-20PM,1458370400129,0.0,3
2016-03-19-2-53-48PM,1458370428164,8.0,3
2016-03-19-2-53-49PM,1458370429087,0.0,3
2016-03-19-2-58-25PM,1458370705595,8.0,3
2016-03-19-2-58-34PM,1458370714863,0.0,3
2016-03-19-2-58-35PM,1458370715505,8.0,3
2016-03-19-3-01-53PM,1458370913176,0.0,3
2016-03-19-3-01-53PM,1458370913765,8.0,3
2016-03-19-3-01-54PM,1458370914162,0.0,3
2016-03-19-3-01-54PM,1458370914356,8.0,3
2016-03-19-3-02-55PM,1458370975832,0.0,3
2016-03-19-3-02-58PM,1458370978303,8.0,3
2016-03-19-3-08-23PM,1458371303959,0.0,3
2016-03-19-3-08-24PM,1458371304458,8.0,3
2016-03-19-3-09-50PM,1458371390735,0.0,3
2016-03-19-3-09-53PM,1458371393047,8.0,3
2016-03-19-3-09-54PM,1458371394194,0.0,3
2016-03-19-3-09-54PM,1458371394473,8.0,3
2016-03-19-3-11-06PM,1458371466744,0.0,3
2016-03-19-3-11-31PM,1458371491315,8.0,3
2016-03-19-3-12-28PM,1458371548219,0.0,3
2016-03-19-3-12-29PM,1458371549226,8.0,3
2016-03-19-3-12-29PM,1458371549569,0.0,3
2016-03-19-3-15-47PM,1458371747577,8.0,3
2016-03-19-3-16-13PM,1458371773033,0.0,3
2016-03-19-3-16-13PM,1458371773509,8.0,3
2016-03-19-3-16-13PM,1458371773761,0.0,3
2016-03-19-3-22-35PM,1458372155774,8.0,3
2016-03-19-3-22-36PM,1458372156240,0.0,3
2016-03-19-3-22-37PM,1458372157224,8.0,3
2016-03-19-3-23-14PM,1458372194662,0.0,3
2016-03-19-3-34-34PM,1458372874079,8.0,3
2016-03-19-3-34-59PM,1458372899038,0.0,3
2016-03-19-3-39-58PM,1458373198560,8.0,3
2016-03-19-3-40-04PM,1458373204686,0.0,3
2016-03-19-4-34-35PM,1458376475675,8.0,3
2016-03-19-4-34-43PM,1458376483412,0.0,3
2016-03-19-5-32-46PM,1458379966431,8.0,3
2016-03-19-5-33-59PM,1458380039419,0.0,3
2016-03-19-6-01-15PM,1458381675983,8.0,3
2016-03-19-6-01-22PM,1458381682002,0.0,3
2016-03-19-6-12-39PM,1458382359040,8.0,3
2016-03-19-6-13-05PM,1458382385444,0.0,3
2016-03-19-6-14-30PM,1458382470926,8.0,3
2016-03-19-6-15-00PM,1458382500455,0.0,3
2016-03-19-6-22-19PM,1458382939662,8.0,3
2016-03-19-6-22-20PM,1458382940151,0.0,3
2016-03-19-6-22-20PM,1458382940643,8.0,3
2016-03-19-6-22-29PM,1458382949276,0.0,3
2016-03-19-6-22-29PM,1458382949450,8.0,3
