2016-03-21-10-32-14AM,1458527534502,5.000305,3
2016-03-21-10-43-09AM,1458528189101,0.0,3
2016-03-21-10-43-10AM,1458528190617,5.000305,3
2016-03-21-10-43-11AM,1458528191222,0.0,3
2016-03-21-10-43-11AM,1458528191811,5.000305,3
2016-03-21-10-43-13AM,1458528193032,0.0,3
2016-03-21-10-43-16AM,1458528196341,5.000305,3
2016-03-21-10-43-16AM,1458528196472,0.0,3
2016-03-21-10-43-18AM,1458528198019,5.000305,3
2016-03-21-10-43-53AM,1458528233930,0.0,3
2016-03-21-10-43-55AM,1458528235944,5.000305,3
2016-03-21-10-43-56AM,1458528236540,0.0,3
2016-03-21-10-43-59AM,1458528239793,5.000305,3
2016-03-21-11-02-06AM,1458529326503,0.0,3
2016-03-21-11-02-06AM,1458529326704,5.000305,3
2016-03-21-11-02-07AM,1458529327699,0.0,3
2016-03-21-11-17-57AM,1458530277283,5.000305,3
2016-03-21-11-18-34AM,1458530314927,0.0,3
2016-03-21-11-18-35AM,1458530315049,5.000305,3
2016-03-21-11-18-36AM,1458530316867,0.0,3
2016-03-21-11-21-37AM,1458530497854,5.000305,3
2016-03-21-11-22-15AM,1458530535541,0.0,3
2016-03-21-11-22-15AM,1458530535721,5.000305,3
2016-03-21-11-22-19AM,1458530539964,0.0,3
2016-03-21-11-22-20AM,1458530540141,5.000305,3
2016-03-21-11-22-21AM,1458530541763,0.0,3
2016-03-21-11-22-22AM,1458530542189,5.000305,3
2016-03-21-11-22-22AM,1458530542568,0.0,3
2016-03-21-11-22-43AM,1458530563694,5.000305,3
2016-03-21-11-22-44AM,1458530564940,0.0,3
2016-03-21-11-22-45AM,1458530565173,5.000305,3
2016-03-21-11-22-45AM,1458530565332,0.0,3
2016-03-21-11-22-45AM,1458530565533,5.000305,3
2016-03-21-11-22-45AM,1458530565965,0.0,3
2016-03-21-11-22-46AM,1458530566155,5.000305,3
2016-03-21-11-22-46AM,1458530566358,0.0,3
2016-03-21-11-26-23AM,1458530783486,5.000305,3
2016-03-21-11-26-32AM,1458530792785,0.0,3
2016-03-21-11-26-32AM,1458530792954,5.000305,3
2016-03-21-11-26-33AM,1458530793158,0.0,3
2016-03-21-11-26-33AM,1458530793435,5.000305,3
2016-03-21-11-26-34AM,1458530794363,0.0,3
2016-03-21-12-01-31PM,1458532891539,5.000305,3
2016-03-21-12-01-42PM,1458532902392,0.0,3
2016-03-21-12-01-42PM,1458532902595,5.000305,3
2016-03-21-12-01-43PM,1458532903777,0.0,3
2016-03-21-12-13-20PM,1458533600329,5.000305,3
2016-03-21-12-13-33PM,1458533613414,0.0,3
2016-03-21-12-13-33PM,1458533613856,5.000305,3
2016-03-21-12-15-40PM,1458533740179,0.0,3
2016-03-21-12-15-43PM,1458533743184,5.000305,3
2016-03-21-12-15-58PM,1458533758449,0.0,3
2016-03-21-12-16-06PM,1458533766130,5.000305,3
2016-03-21-12-16-06PM,1458533766305,0.0,3
2016-03-21-12-16-14PM,1458533774844,5.000305,3
2016-03-21-12-16-15PM,1458533775224,0.0,3
2016-03-21-12-16-16PM,1458533776170,5.000305,3
2016-03-21-12-16-19PM,1458533779603,0.0,3
2016-03-21-12-16-25PM,1458533785034,5.000305,3
2016-03-21-12-16-26PM,1458533786064,0.0,3
2016-03-21-12-16-26PM,1458533786846,5.000305,3
2016-03-21-12-17-17PM,1458533837226,0.0,3
2016-03-21-12-17-17PM,1458533837512,5.000305,3
2016-03-21-12-17-18PM,1458533838057,0.0,3
2016-03-21-12-22-44PM,1458534164783,5.000305,3
2016-03-21-12-23-03PM,1458534183083,0.0,3
2016-03-21-12-23-05PM,1458534185893,5.000305,3
2016-03-21-12-23-21PM,1458534201987,5.000305,3
2016-03-21-12-26-22PM,1458534382246,0.0,3
2016-03-21-12-26-22PM,1458534382709,5.000305,3
2016-03-21-12-26-43PM,1458534403517,0.0,3
2016-03-21-12-29-37PM,1458534577440,5.000305,3
2016-03-21-12-30-46PM,1458534646771,0.0,3
2016-03-21-12-30-46PM,1458534646984,5.000305,3
2016-03-21-12-33-32PM,1458534812881,0.0,3
2016-03-21-12-33-33PM,1458534813220,5.000305,3
2016-03-21-12-33-34PM,1458534814165,0.0,3
2016-03-21-12-33-34PM,1458534814386,5.000305,3
2016-03-21-12-33-34PM,1458534814783,0.0,3
2016-03-21-12-37-42PM,1458535062435,5.000305,3
2016-03-21-12-39-00PM,1458535140938,0.0,3
2016-03-21-12-39-01PM,1458535141122,5.000305,3
2016-03-21-12-43-30PM,1458535410842,0.0,3
2016-03-21-12-44-25PM,1458535465425,5.000305,3
